560

’ INDEX GFINERAL ALPHABETIQUE

Rovss 1113(C16mentdella), fils d’ une soeur 1ἰ ΗΟνΕΗΕ (181111-11181111881181111), 11818111 (111

(18 Sixte 1v,6v6que de Mende, card.-
pn &¹116 du titre de saint· (1181118111, Ι,
176, ΙΙ, 26, 405, ΙΙΙ, 92, 137, 309, 113
321, 327, 329, 331. 332, 335, 337, 340,
341, 342, 348, 349,351, 352, 353, 360,
363, 372, 374.

ROVERE (Dominique della), cardinal-
ρ18118 (111 11118 (18 8111111-(3181118111, Ι, 4,
5, 15, 24, 28, 47, 54, 116, 125, 127,

· 148,168, 169, 172, 174, 177, 203, 209,
211, 214, 216, 217, 218, 220, 223, 225,
226, 227, 239, 231, 233, 237, 239, 244,
247, 249, 252, 264, 281, 282, 286, 289,
296, 299, 302, 309, 325, 327, 328, 333,
336, 351. 376, 385, 402, 415, 426, 431,
437, 449, 455, 457, 458, 459, 468, 472,
482, 484, 486, 589; 11, 17, 24, 25, 30,
32, 35, 38, 41, 47, 55, 62, 63, 69, 87,
95, 96, 105, 107, 180,.193, 203, 223,
224, 230, 233,235, 240, 245, 259, 264,
267, 268, 269, 271, 275, 280, 288,
340, 343, 344, 347, 358,361, 364, 368,
385, 393, 394, 395, 399, 403, 407, 415,
419, 422, 426, 431, 433, 437, 438, 440,
455, 489, 502, 517, 520, 534, 545, 553,
557, 558, 575, 601· , ΙΙΙ,24, 27, 28, 29,
30, 31, 32, 36, 38, 41, 56, 57, 61, 63,
79, 71, 73, 74, 77, 81, 86, 90, 119
122, 128, 129, 139, 133,134, 142,143.

ROVERE (Franqois della), 81189118 (18 Gub-
bio, ΙΙ, 294, 323, ΙΙΙ, 326, 388.

HOVERE( ,Francesco Maria della), 1118181

ἐρ’ 1

Ι

 

cardinal do saint-C16me'nt,111, 129.
(18911- Louis della), 87811118 (18 Turin,

111, 421, 429.

- (Jean della), pr6set de Rome, frere du
cardinal aulien,1,124;11,147,165‚
202, 629, 675, 676.

- ’(18191118), neven (18 Sixte IV, cardinal-
·prsstre de Recanati, du titre de Saint-
Chrysogone, 1, 4,12, 15, 16,'24, 28,
54. 115, 123, 127, 172, 209, 216, ’217,
218, 220, 226, 230, 231, 244, 249, 273,
278, 281, 286, 294, 302, 307, 325,·326,
327, 331, 332, 372, 377, 378, 385, 394,
438, 441, 445, 449, 454, 457, 467, 497,
498. 499, 500, 501, 502‚'503‚ 504, 506,
507, 508, 509, 510, 511, 513, 520, 521,
580; ΙΙ, 26, 30, 32, 35, ·36. 47, 49, 50,
57, 63, 64, 71, 105, 193, 230, 233, 235,
246, 264, 267, 271, 275, 343, 358, 364,
387, 415, 419, 422, 424, 426, 2431,
434, 437, 449, 469, 474, 505, 512, 528,
532, 545, 546, 575; 111, 3, 10, 23, 31,
36, 38, 41, 56, 60, 70, 77, 81, 90, 121,

122, 175, 177, 178‚193‚ 194, 195,198‚ ,
203, 242, 244, 245. 246, 248, 249, 259,

251, 253, 254, 257, 258, 259, 262, 264,
265, 267, 269, 273, 274, 275, 276. 287,
288, 289, 290, 291, 294, 295, 299, 399,
398, 399, 312, 317, 318, 331, 337, 339,
349, 342,· 346, 351, 369, 361, 362,- 363,
368, 372, 373, 389 382, 388, 389, 395,
492, 494, 495, 499, 411, 412, 425. -

de Rome, 11818 du card. de 881111- 11 ROVERE (Julien della), ea1dnnalev6que
Pierre- -aux- Liens, Galeetto Franciotti¹ ,

della Rovere, 111, 335, 376, 381.
110VERE (Galeotto Franciotti del1a),

81811118 (18 Savone, de Lucques, arche· ,

11811118 (18 (3181119118, card. -1118118 (111 titre
de 5111111- pierre-aux· Li vice· --chan
eelim, 111, 280, 309, 31]ῗὲ 316, 325,
335, 336, 337, 338, 339, 340, 341, 342,

344, 347, 348, 349, 350, 356, 358, 359,
360, 363, 366, 367, 368, 371, 372, 375,

377, 380, 382, 386, 388, 389, 390, 391, 2
392, 393, 395, 396, 397, 398, 399, 402, 1
494, 495, 496, 498, 499, 411, 414, 416, 3

-417, 425, 428, 431.
11OVERE (Gr8goire della),

secret de Sixte IV, Ι, 10.
HOVERE (Jacques della), 6v6que de

Savone, puis de Milet, 111, 310, 355.

chambellan

1

1

 

d’Ostie, du titre de Samt P1erre -aux-
Liens, I, 3, 12, 16, 24, 28, 38, 46, 57,
71, 75, 112, 124, 125, 127, 143, 144,
147, 151, 165, 168, 170, 172, 175, 176,
178, 182, 183, 198, 209, 211, 216, 228,
229, 231, 232, 236, 237, 242, 243, 301,
302, 305. 308, 317, 320, 324, 325, 326,
331, 332, 342, 348, 349, 350, 352, 353,
359, 371, 384, 385, 396, 401, ’ 404,
405, 408, 423, 425, 426, 430, 432,
437, 441, 447, 449, 454, 458, 459, 465,
466, 468, 473, 475, 476, 484, 487, 489,
491, 496, 498, 499, 500, 501, 502, 504,

Ξ 506, 509, 514, 516, 517, 518, 519, 520,

568, 576, 580, ΙΙ, 3, 6, 7, 8, 23, 26,
29, 30, 33, 39, 42, 50, 59, 82, 83, 84,
85, 151, 186 202, 216, 217, 220, 221,
236, 301, 331, 346, 357, 566, 514, 516,

