498

306, 310, 320 321 331, 332, 338, 346, ·
350, 351. 356, 357, 363, 405, 433, 435, l

438, 439, 440, 441, 444, 445, 446, 449,
450, 451, 453, 455.

BORGIA (Collerando). hospitalior, frere
du cardinal Jcan Borgia, 11, 136, 165,
167.

BORGIA (Francois), de Sueca, pr6s Va-
lcnce, cubiculaire, (aveque (16 Teano,
archeveque (16 Cosenza, tr6sorier
d'Alcxandre VI, cardinal pretre de
SS. Ν6166 et Achille, puis de Sainte-
(366116, 11, 57, 340, 356, 382, 386,
458, 486, 543 , 573 , 577, 602 ;
111, 57, 73, 74, 78, 79, 80, 81, 82,
84, 89, 90, 91, 92, 118, 119, 122,
126, 129, 130, 135, 136, 137,144‚ 146.
156, 157, 160, 161, 164, 169, 170, 176,
188, 189, 190, 191, 192,194, 197, 198,
199, 200, 201, 203, 205, 220, 1221, 226,
227, 239, 242, 244, 245, 246 248, 251,
253, 254, 258, 259, 260, 263, 265, 267,
270, 273, 274, 275, 277, 288, 289, 290,
291, 294, 295, 299, 301, 312, 317, 319,
321, 322, 323, 327, 329, 330, 331, 337,
339, 351, 353, 358, 360, 361, 362,
365, 367, 368, 380, 382, 388, 389,
393, 395, 399, 404, 405, 409, 411, 412,
416, 418, 425.

BORGIA (Girolama)‚ fille d’Alexandre VI,
&pouse (16 Jean Cesarini,11‚ 84.
BORGIA (Isabel-Juana-Helisabcth), 111616
du cardinal Rodrigue, 16 futur Alexan-
drc VI, ΙΙ,608.

BORGIA (Jean), fils d'Alexandre VI, 116
pendant son pontificat, duc de Νὲρῑ,
ΙΙΙ, 170, 171.

BORGIA (Jean), fils d’Alexandrc VI, duc

de Gandie, 11, 49, 69, 160, 334, 335, ’

336, 337, 344, 353, 355, 357, 359, 360,
361, 362, 363, 364, 387, 388, 389, 390,
391, 392, 501, 669.

BORGIA (Jean), (16 Valence, nevcu
d'Alexandrc VI, archeveque de Mon-
r6ale 611 Sicile, (aveque dc CorIa en
Espagne,. cardinal prsstre du titre de
S. Suzanne, 11, 4, 11, 15, 17, 21, 22,
23, 25, 26, 27, 30, 34, 35, 38, 39, 40,
46, 47, 58, 62, 64, 66, 69, 73, 75, 76,
- 77, 87, 103, 105, 106, 108, 113, 114,
-, 115, 116, 117, 118, 119, 120, 121,122‚
123, 124, 130, 131, 136, 137, 138,

INDEX GENERAL ALPHABETIQUE

139, 140, 141, 144, 145, 146, 147,
149, 153, 154, 155, 156, 157,158, 159,
160, 164, 166, 167, 168, 169, 170, 175,
176, 177, 178, 179, 130, 181,183,185,
193, 195, 213, 215, 220, 224, 230, 233,
235, 236, 240, 244, 246, 259, 260, 263,
264, 265, 267, 269, 271, 275, 280, 342,
359, 386, 419, 489, 498, 500, 504, 506, 3
507, 512, 521, 525, 581, 614, 631, ⁴
641; ΙΙΙ, 4, 11, 13, 34, 36, 56, 57, 67, i
77, 113, 122, 131, 157, 161, 191, 238,
239, 255, 258, 259, 260, 263, 264, 267, ¹
270, 274, 277, 291, 294, 295, 298, 301, 2
317, 321, 322, 327, 330, 373, 377, 436, ,

BORGIA (Jean ) de valence, neven “
d'Alexandre VI‚[6v6que (16 Melfi, cardi· '
nal diacre de S. Marie in Via Lata, ³
II, 99, 100, 101, 264, 268, 341, 342, ¹
348, 366, 368, 382, 386, 387, 402, 415,
418, 419, 420, 422, 423, 426, 431, 433, ’
434, 437, 440, 459, 460, 498, 523, 526
530, 531, 545, 551, 553, 554, 555, 557’,
567, 569, 571, 5823 ΙΙΙ, 3, 11. Ι ζ

BORGIA (Joffrc'e), fils d’Alexandre VI,
prince de Squillace, comte de Cariati,
protonotairc en (1666. du phare de Mes-
sine, 11‚51‚ 56, 65, 97, 111, 123, 130,
143, 151, 152,153, 159, 160, 161, 165,
166, 167, 168, 278, 279, 280, 281, 402,
552, 563, 569, 579, 642, 644; III, 20,
33, 131, 232.

BORGIA (cardinal), voir BORGIA (Louis)
ou (pierre-Louis). v

BORGIA (Louis-Pierre), neveu d’Alexan-
dre VI, cardinal diacre du titre (16 Sainte-
Maric in Via Lata, ΙΙΙ,67, 71,76, 78, 79,
82,143, 144, 145, 152, 153, 156, 157,
160, 161,164, 176, 178, 181. 190, 191,
192, 194, 198, 199, 203, 205, 218, 220,
258, 260, 263, 264, 265, 267, 271, 275,
285, 292, 294, 296, 298, 303,306, 312,
315, 316, 317, 318, 319, 320, 373, 374,
435, 436.

ssORGlA (Lucrfece), fille d’Alexandre VI,
ΙΙ, 78,130‚ 185, 267, 278, 279, 280, 281,
386, 391, 406, 433, 443, 493, 494, 503,
508, 510, 532, 548, 552, 563, 569, 571,
576, 578, 58ος 111, 4, 5, 12, 15, 68, 73,
74, 77, 90, 154, 161, 162, 163, 164,
167, 170, 173, 177, 179, 180, 181, 187,
188, 189,190, 210, 239, 436, 437, 438,

441, 412.

